version https://git-lfs.github.com/spec/v1
oid sha256:539e5f64fa59b1843ec6d658f2535db3c3ac7a30b01d4f2a01393d0989973b1c
size 21010
