version https://git-lfs.github.com/spec/v1
oid sha256:348b49f8ec9c20b4bfeb071549b309651bc501742b2aec6c23714064c53ac399
size 1329
