version https://git-lfs.github.com/spec/v1
oid sha256:a2b1a0f1657dd37d4fc08e1b23da229e4836e9b61c814260e479740d9e9aa4cd
size 36260
